29
Capronia_coronata                     0.0000000 0.1650452 0.2182844 0.1988968 6.8677490 7.9267781 8.4759848 8.5155584 6.6070562 6.7082769 8.8553591 8.9999985 6.2026931 6.4204524 5.2948675 7.2738801 7.2738801 8.9999983 8.9399568 8.9999989 8.9999986 8.9749577 7.5630632 6.1905647 5.3118831 5.3135934 7.3704109 5.7455199 6.7627949 
Exophiala_dermatitidis_NIH.UT8656     0.1650452 0.0000000 0.2256623 0.2238019 8.9999982 8.9999990 9.0000000 8.9999989 8.7194239 8.0936131 8.9999985 9.0000000 9.0000000 9.0000000 4.5889054 8.9999987 8.9999987 8.9999989 8.9999985 8.9999986 9.0000000 9.0000000 8.7526670 8.7475188 9.0000000 9.0000000 9.0000000 9.0000000 9.0000000 
Fonsecaea_pedrosoi                    0.2182844 0.2256623 0.0000000 0.1839575 7.5635788 9.0000000 8.5195858 7.6382866 6.1895817 5.7719614 7.0620843 8.9999989 6.3304192 7.3439112 9.0000000 6.1893448 6.1893448 7.3899399 7.5427536 8.9999983 7.8256837 7.6791356 6.5555999 7.2848974 5.4600731 5.7925716 8.4032683 5.2935028 7.8174094 
Exophiala_xenobiotica                 0.1988968 0.2238019 0.1839575 0.0000000 8.9999988 9.0000000 9.0000000 8.9999982 8.1827019 7.3175157 8.9999983 8.9999990 5.4616201 6.4245212 2.7889701 8.9369677 8.9369677 8.9999988 8.9999982 8.9999989 8.9999984 8.9999981 8.9999986 6.8621282 4.9109625 5.1664670 6.7041844 4.8155878 6.5138026 
Cladophialophora_yegresii             6.8677490 8.9999982 7.5635788 8.9999988 0.0000000 0.0714659 0.7227135 1.2084513 0.8227985 0.9979522 0.9000740 0.7380506 0.2679584 0.5460985 9.0000000 0.7169221 0.7169221 0.9624834 0.9515209 0.9053359 0.9491504 0.9711668 0.8078121 0.8881240 0.3898562 0.3977900 0.4375110 0.4825410 0.4431691 
Cladophialophora_carrionii            7.9267781 8.9999990 9.0000000 9.0000000 0.0714659 0.0000000 1.3076267 2.0314735 1.4294739 1.5369196 1.2351520 0.8615347 0.3033306 1.4046721 9.0000000 0.8385315 0.8385315 1.5690311 1.6500453 1.7087626 1.3506426 1.3712937 1.1995852 1.3552794 9.0000000 9.0000000 9.0000000 9.0000000 9.0000000 
Cladophialophora_immunda              8.4759848 9.0000000 8.5195858 9.0000000 0.7227135 1.3076267 0.0000000 0.9631534 0.8473891 0.9950079 0.8954406 0.7175323 0.3255392 0.6822342 9.0000000 0.9828936 0.9828936 1.1984422 1.0942197 1.0508303 0.9366588 1.0085281 0.9426371 0.9634541 0.5552493 0.5501356 0.5232858 0.5376928 0.6439232 
Cyphellophora_laciniata               8.5155584 8.9999989 7.6382866 8.9999982 1.2084513 2.0314735 0.9631534 0.0000000 0.1689258 0.1593184 0.5918115 1.2573445 0.2715963 0.4583116 9.0000000 1.0860112 1.0860112 1.2374866 1.1768983 0.9826958 0.9985141 1.0643623 1.0535634 0.9856301 0.2873871 0.2817297 0.3834476 0.3460139 0.3669124 
Cyphellophora_vermispora              6.6070562 8.7194239 6.1895817 8.1827019 0.8227985 1.4294739 0.8473891 0.1689258 0.0000000 0.0111290 0.4855699 0.9612045 0.3061205 0.4321070 9.0000000 0.8607126 0.8607126 1.3550384 1.0374172 1.0163175 0.7925318 0.9300625 0.9152654 0.9392217 0.2419678 0.2061942 0.3768576 0.2817542 0.3595664 
Cyphellophora_aestiva                 6.7082769 8.0936131 5.7719614 7.3175157 0.9979522 1.5369196 0.9950079 0.1593184 0.0111290 0.0000000 0.6457001 1.0164351 0.3033123 0.4570504 9.0000000 0.9508641 0.9508641 1.2306621 0.9872651 0.9336749 0.9642855 0.9961857 1.0506870 1.0208047 0.5855704 0.5285662 0.7567512 0.5459759 0.7964024 
Cyphellophora_sessilis                8.8553591 8.9999985 7.0620843 8.9999983 0.9000740 1.2351520 0.8954406 0.5918115 0.4855699 0.6457001 0.0000000 0.7125602 0.2875119 0.4348163 9.0000000 0.5937737 0.5937737 1.0047418 0.8074187 0.9573813 0.9062549 0.8922334 1.0081145 0.8809641 0.4614652 0.4141975 0.5686353 0.4035622 0.4567308 
Exophiala_oligosperma                 8.9999985 9.0000000 8.9999989 8.9999990 0.7380506 0.8615347 0.7175323 1.2573445 0.9612045 1.0164351 0.7125602 0.0000000 0.3719342 0.7098598 9.0000000 0.5067296 0.5067296 0.7473865 1.0026971 0.9650173 0.6608702 0.7911986 0.7794721 0.9193093 0.3552006 0.2993949 0.3598121 0.2885293 0.4925418 
Knufia_obscura                        6.2026931 9.0000000 6.3304192 5.4616201 0.2679584 0.3033306 0.3255392 0.2715963 0.3061205 0.3033123 0.2875119 0.3719342 0.0000000 0.2474872 0.1630085 0.3593276 0.3593276 0.2267162 0.3010756 0.3292893 0.4073709 0.3962917 0.2023591 0.1789882 0.1654338 0.1610922 0.2028684 0.1747126 0.1521422 
Aspergillus_fumigatus                 6.4204524 9.0000000 7.3439112 6.4245212 0.5460985 1.4046721 0.6822342 0.4583116 0.4321070 0.4570504 0.4348163 0.7098598 0.2474872 0.0000000 0.2663392 0.6871882 0.6871882 0.5700381 0.6681957 0.5726590 0.6593832 0.6180141 0.5699233 0.3214277 0.2572298 0.2491587 0.2447968 0.2873338 0.2847118 
Neophaeococcomyces_mojaviensis_JES112 5.2948675 4.5889054 9.0000000 2.7889701 9.0000000 9.0000000 9.0000000 9.0000000 9.0000000 9.0000000 9.0000000 9.0000000 0.1630085 0.2663392 0.0000000 9.0000000 9.0000000 2.1162227 1.0051527 9.0000000 9.0000000 9.0000000 8.9999983 0.2019123 0.2054126 0.2176718 0.2275773 0.2322405 0.1290369 
Knufia_separata                       7.2738801 8.9999987 6.1893448 8.9369677 0.7169221 0.8385315 0.9828936 1.0860112 0.8607126 0.9508641 0.5937737 0.5067296 0.3593276 0.6871882 9.0000000 0.0000000 0.0000010 0.8549534 0.7033922 0.7638026 0.7425885 0.7396498 0.8644762 0.8709810 0.4457985 0.3786973 0.3943709 0.3528047 0.4495779 
Exophiala_radicis                     7.2738801 8.9999987 6.1893448 8.9369677 0.7169221 0.8385315 0.9828936 1.0860112 0.8607126 0.9508641 0.5937737 0.5067296 0.3593276 0.6871882 9.0000000 0.0000010 0.0000000 0.8549534 0.7033922 0.7638026 0.7425885 0.7396498 0.8644762 0.8709810 0.4457985 0.3786973 0.3943709 0.3528047 0.4495779 
Knufia_walvisbayicola                 8.9999983 8.9999989 7.3899399 8.9999988 0.9624834 1.5690311 1.1984422 1.2374866 1.3550384 1.2306621 1.0047418 0.7473865 0.2267162 0.5700381 2.1162227 0.8549534 0.8549534 0.0000000 0.6835508 0.5845741 0.8393211 0.7589522 0.5432450 0.4757364 0.2605403 0.2406211 0.4019040 0.3268128 0.3002301 
Neophaeococcomyces_catenatus          8.9399568 8.9999985 7.5427536 8.9999982 0.9515209 1.6500453 1.0942197 1.1768983 1.0374172 0.9872651 0.8074187 1.0026971 0.3010756 0.6681957 1.0051527 0.7033922 0.7033922 0.6835508 0.0000000 0.6907934 0.7031048 0.7325936 0.7343615 0.6223587 0.3490858 0.3476448 0.4288129 0.3665759 0.4358286 
Bradymyces_alpinus                    8.9999989 8.9999986 8.9999983 8.9999989 0.9053359 1.7087626 1.0508303 0.9826958 1.0163175 0.9336749 0.9573813 0.9650173 0.3292893 0.5726590 9.0000000 0.7638026 0.7638026 0.5845741 0.6907934 0.0000000 0.6894491 0.6116043 0.7089405 0.6323451 0.3915829 0.3712676 0.4021836 0.1290590 0.4018274 
Lithohypha_guttulata                  8.9999986 9.0000000 7.8256837 8.9999984 0.9491504 1.3506426 0.9366588 0.9985141 0.7925318 0.9642855 0.9062549 0.6608702 0.4073709 0.6593832 9.0000000 0.7425885 0.7425885 0.8393211 0.7031048 0.6894491 0.0000000 0.0428877 0.7185357 0.7118034 0.3071615 0.3429182 0.3938857 0.4134743 0.5731565 
Lithohypha_aloicola                   8.9749577 9.0000000 7.6791356 8.9999981 0.9711668 1.3712937 1.0085281 1.0643623 0.9300625 0.9961857 0.8922334 0.7911986 0.3962917 0.6180141 9.0000000 0.7396498 0.7396498 0.7589522 0.7325936 0.6116043 0.0428877 0.0000000 0.7628273 0.6719196 0.4307952 0.4499946 0.4203208 0.4492221 0.6175889 
Arthrocladium_tropicale               7.5630632 8.7526670 6.5555999 8.9999986 0.8078121 1.1995852 0.9426371 1.0535634 0.9152654 1.0506870 1.0081145 0.7794721 0.2023591 0.5699233 8.9999983 0.8644762 0.8644762 0.5432450 0.7343615 0.7089405 0.7185357 0.7628273 0.0000000 0.0786066 0.2793656 0.2286529 0.4211095 0.4645098 0.4016260 
Arthrocladium_caudatum                6.1905647 8.7475188 7.2848974 6.8621282 0.8881240 1.3552794 0.9634541 0.9856301 0.9392217 1.0208047 0.8809641 0.9193093 0.1789882 0.3214277 0.2019123 0.8709810 0.8709810 0.4757364 0.6223587 0.6323451 0.7118034 0.6719196 0.0786066 0.0000000 0.1806935 0.1798349 0.2219431 0.2571381 0.2061264 
Anthracina_saxicola                   5.3118831 9.0000000 5.4600731 4.9109625 0.3898562 9.0000000 0.5552493 0.2873871 0.2419678 0.5855704 0.4614652 0.3552006 0.1654338 0.2572298 0.2054126 0.4457985 0.4457985 0.2605403 0.3490858 0.3915829 0.3071615 0.4307952 0.2793656 0.1806935 0.0000000 0.0459917 0.1722231 0.2007155 0.1800020 
Anthracina_ramosa                     5.3135934 9.0000000 5.7925716 5.1664670 0.3977900 9.0000000 0.5501356 0.2817297 0.2061942 0.5285662 0.4141975 0.2993949 0.1610922 0.2491587 0.2176718 0.3786973 0.3786973 0.2406211 0.3476448 0.3712676 0.3429182 0.4499946 0.2286529 0.1798349 0.0459917 0.0000000 0.1858410 0.1995727 0.1722946 
Trichomerium_cicatricatum             7.3704109 9.0000000 8.4032683 6.7041844 0.4375110 9.0000000 0.5232858 0.3834476 0.3768576 0.7567512 0.5686353 0.3598121 0.2028684 0.2447968 0.2275773 0.3943709 0.3943709 0.4019040 0.4288129 0.4021836 0.3938857 0.4203208 0.4211095 0.2219431 0.1722231 0.1858410 0.0000000 0.2296588 0.2282125 
Bradymyces_yunnanensis                5.7455199 9.0000000 5.2935028 4.8155878 0.4825410 9.0000000 0.5376928 0.3460139 0.2817542 0.5459759 0.4035622 0.2885293 0.1747126 0.2873338 0.2322405 0.3528047 0.3528047 0.3268128 0.3665759 0.1290590 0.4134743 0.4492221 0.4645098 0.2571381 0.2007155 0.1995727 0.2296588 0.0000000 0.2179504 
Knufia_petricola                      6.7627949 9.0000000 7.8174094 6.5138026 0.4431691 9.0000000 0.6439232 0.3669124 0.3595664 0.7964024 0.4567308 0.4925418 0.1521422 0.2847118 0.1290369 0.4495779 0.4495779 0.3002301 0.4358286 0.4018274 0.5731565 0.6175889 0.4016260 0.2061264 0.1800020 0.1722946 0.2282125 0.2179504 0.0000000 
