17
Exophiala_viscosa                     0.0000000 6.5823391 6.1983580 4.6144028 4.3189503 3.4295967 3.4603769 4.1967252 4.6674990 4.7814587 4.6765835 3.6954198 3.6218218 3.0069319 3.2508648 4.3717145 3.0354487 
Metulocladosporiella_samutensis       6.5823391 0.0000000 0.2956332 0.3352575 0.7939494 0.4035708 0.8096334 0.7388303 0.6332465 0.6655578 0.6549204 0.6646582 0.5709268 0.4953728 0.3841441 0.2615584 0.3250391 
Metulocladosporiella_musicola         6.1983580 0.2956332 0.0000000 0.2245945 0.7250868 0.4930502 0.8645118 0.7769070 0.6891513 0.7383250 0.7682365 0.7881827 0.6278377 0.6070644 0.4000754 0.2803428 0.2139436 
Neophaeococcomyces_mojaviensis_JES112 4.6144028 0.3352575 0.2245945 0.0000000 1.0371627 0.3513194 0.3580167 0.3098222 0.3027563 0.3559030 0.3860215 0.3794367 0.2804994 0.3662025 0.2827306 0.3199488 0.2640456 
Cladophialophora_yegresii             4.3189503 0.7939494 0.7250868 1.0371627 0.0000000 0.9023450 0.9279487 1.1168215 1.1596860 1.2034147 1.2323387 1.3345637 0.8689646 0.8963506 0.7363910 0.8005927 0.6289209 
Capronia_coronata                     3.4295967 0.4035708 0.4930502 0.3513194 0.9023450 0.0000000 0.3095470 0.2044562 0.3038392 0.2153725 0.2240881 0.2594255 0.2683562 0.1468577 0.2516606 0.1488857 0.2015278 
Aspergillus_fumigatus                 3.4603769 0.8096334 0.8645118 0.3580167 0.9279487 0.3095470 0.0000000 0.6468436 0.6522692 0.6727521 0.7587094 0.7377388 0.3269794 0.3094276 0.2409598 0.2356396 0.1583110 
Exophiala_dermatitidis_NIH.UT8656     4.1967252 0.7388303 0.7769070 0.3098222 1.1168215 0.2044562 0.6468436 0.0000000 0.5868356 0.4644790 0.5113608 0.5142913 0.3931500 0.2552480 0.2452269 0.1734591 0.2128492 
Exophiala_mesophila                   4.6674990 0.6332465 0.6891513 0.3027563 1.1596860 0.3038392 0.6522692 0.5868356 0.0000000 0.5906711 0.5369882 0.6397744 0.3678132 0.3056255 0.2173738 0.1835822 0.2049355 
Exophiala_oligosperma                 4.7814587 0.6655578 0.7383250 0.3559030 1.2034147 0.2153725 0.6727521 0.4644790 0.5906711 0.0000000 0.5035971 0.3772472 0.3422209 0.2590724 0.2324817 0.1662718 0.2199167 
Cladophialophora_immunda              4.6765835 0.6549204 0.7682365 0.3860215 1.2323387 0.2240881 0.7587094 0.5113608 0.5369882 0.5035971 0.0000000 0.4281033 0.3794631 0.1068583 0.2523592 0.1544263 0.2271122 
Exophiala_xenobiotica                 3.6954198 0.6646582 0.7881827 0.3794367 1.3345637 0.2594255 0.7377388 0.5142913 0.6397744 0.3772472 0.4281033 0.0000000 0.3314111 0.2375614 0.2697075 0.1974905 0.2630650 
Lithohypha_guttulata                  3.6218218 0.5709268 0.6278377 0.2804994 0.8689646 0.2683562 0.3269794 0.3931500 0.3678132 0.3422209 0.3794631 0.3314111 0.0000000 0.2864481 0.1860335 0.2544240 0.2225129 
Fonsecaea_pedrosoi                    3.0069319 0.4953728 0.6070644 0.3662025 0.8963506 0.1468577 0.3094276 0.2552480 0.3056255 0.2590724 0.1068583 0.2375614 0.2864481 0.0000000 0.2511238 0.1430249 0.2360419 
Knufia_obscura                        3.2508648 0.3841441 0.4000754 0.2827306 0.7363910 0.2516606 0.2409598 0.2452269 0.2173738 0.2324817 0.2523592 0.2697075 0.1860335 0.2511238 0.0000000 0.2247137 0.1763566 
Cladophialophora_carrionii            4.3717145 0.2615584 0.2803428 0.3199488 0.8005927 0.1488857 0.2356396 0.1734591 0.1835822 0.1662718 0.1544263 0.1974905 0.2544240 0.1430249 0.2247137 0.0000000 0.1892486 
Cyphellophora_europaea                3.0354487 0.3250391 0.2139436 0.2640456 0.6289209 0.2015278 0.1583110 0.2128492 0.2049355 0.2199167 0.2271122 0.2630650 0.2225129 0.2360419 0.1763566 0.1892486 0.0000000 
