43
Aspergillus_fumigatus                 0.0000000 1.8777265 0.9913397 0.9913397 0.7087242 0.4251548 0.5437002 0.9570996 0.8501956 0.6853521 0.9437781 0.6174664 0.9440145 0.7706911 0.9487074 0.9469431 0.5672750 0.5798792 0.6059731 0.5871996 0.5637367 0.7117706 0.7139493 0.6792815 0.6389749 0.6962335 0.6729555 0.6203417 0.9107569 0.5331093 0.7299113 0.7739170 0.8248620 0.8358170 0.8396899 0.6937425 0.6256548 0.7247544 0.5090065 0.5253112 0.7019528 0.6567717 0.5501780 
Metulocladosporiella_samutensis       1.8777265 0.0000000 0.6908115 0.6908115 0.7999228 1.1113853 0.8288588 0.4241877 0.9293251 0.9803602 1.0993699 0.8163596 0.8114055 0.8089721 0.6355031 0.7589460 0.7259976 0.8241418 0.5790961 0.6042554 0.6321797 0.6207283 0.6866536 0.6061078 0.7128942 0.7867838 0.7950156 0.7830306 0.6709682 0.5791760 0.4933578 0.5033060 0.5143154 0.5378463 0.5101927 0.5809688 0.5793428 0.5147503 0.7524922 0.5005192 0.4018983 0.4867154 0.4899182 
Cyphellophora_vermispora              0.9913397 0.6908115 0.0000000 0.0000010 0.2143690 0.2810658 0.2902499 0.6713708 0.4938223 0.5027931 0.5681590 0.4751967 0.4659942 0.4976350 0.4978978 0.5040314 0.5105074 0.5243856 0.5329911 0.5318700 0.4724896 0.5335999 0.5906920 0.5925805 0.5700016 0.6648216 0.7418138 0.6501621 0.7209203 0.5727148 0.5846514 0.6157267 0.5916944 0.6141351 0.6198701 0.6467620 0.6464424 0.5527335 0.5808616 0.5826453 0.4629618 0.5352451 0.5489839 
Cyphellophora_sessilis                0.9913397 0.6908115 0.0000010 0.0000000 0.2143690 0.2810658 0.2902499 0.6713708 0.4938223 0.5027931 0.5681590 0.4751967 0.4659942 0.4976350 0.4978978 0.5040314 0.5105074 0.5243856 0.5329911 0.5318700 0.4724896 0.5335999 0.5906920 0.5925805 0.5700016 0.6648216 0.7418138 0.6501621 0.7209203 0.5727148 0.5846514 0.6157267 0.5916944 0.6141351 0.6198701 0.6467620 0.6464424 0.5527335 0.5808616 0.5826453 0.4629618 0.5352451 0.5489839 
Cyphellophora_europaea                0.7087242 0.7999228 0.2143690 0.2143690 0.0000000 0.1888443 0.1932020 0.6069826 0.3752485 0.4367051 0.4671479 0.4520874 0.3646736 0.4133409 0.4079855 0.4279608 0.3821500 0.4556043 0.4392130 0.4455494 0.4512119 0.5114395 0.5094348 0.5041774 0.5130187 0.5511318 0.6069571 0.5532624 0.6029505 0.4834505 0.5093743 0.5139338 0.5064642 0.5394478 0.5921007 0.6335466 0.5603001 0.4296800 0.5298043 0.4719230 0.4464880 0.4794733 0.4699838 
Cyphellophora_laciniata               0.4251548 1.1113853 0.2810658 0.2810658 0.1888443 0.0000000 0.0132841 0.7088004 0.3815641 0.3951007 0.4593220 0.3473605 0.4128310 0.4013613 0.4906534 0.4604342 0.3064589 0.3911803 0.4085585 0.4050958 0.3667955 0.4263295 0.3970540 0.3706935 0.3548874 0.4546027 0.4453488 0.3992336 0.5438204 0.3510326 0.4399428 0.5384185 0.4777428 0.5081822 0.5871645 0.4660326 0.4303372 0.4758084 0.3389356 0.3591174 0.3681271 0.4401872 0.3682774 
Cyphellophora_aestiva                 0.5437002 0.8288588 0.2902499 0.2902499 0.1932020 0.0132841 0.0000000 0.5741877 0.3763872 0.3933396 0.4496791 0.4003166 0.4265474 0.4132605 0.5067948 0.4944150 0.3532901 0.4511519 0.4251836 0.4044999 0.4165777 0.4314069 0.4076171 0.3755962 0.3924968 0.4622555 0.4387527 0.4302298 0.5523032 0.3678937 0.4389945 0.5625663 0.4855941 0.5198040 0.5860920 0.4682250 0.4526754 0.4768998 0.3760651 0.3703960 0.3921466 0.4515001 0.3690293 
Metulocladosporiella_musicola         0.9570996 0.4241877 0.6713708 0.6713708 0.6069826 0.7088004 0.5741877 0.0000000 0.6127105 0.6477491 0.6967719 0.6023246 0.6151506 0.5711023 0.5543815 0.5767730 0.5258074 0.5178374 0.4096583 0.4085050 0.3833068 0.3054310 0.3945777 0.3591382 0.5090330 0.4344578 0.4598947 0.4321051 0.4274443 0.2943889 0.2856664 0.2996027 0.3537743 0.3708054 0.3853601 0.3208382 0.3537322 0.2974911 0.3438849 0.2767285 0.2512005 0.3118907 0.2401031 
Exophiala_radicis                     0.8501956 0.9293251 0.4938223 0.4938223 0.3752485 0.3815641 0.3763872 0.6127105 0.0000000 0.2819722 0.3323137 0.1680521 0.3252341 0.3203522 0.2426726 0.2907830 0.2796967 0.2788134 0.4363364 0.4470367 0.3919001 0.4032293 0.4414257 0.4547633 0.5476371 0.5784731 0.5434945 0.5176932 0.5586576 0.3999218 0.4416070 0.5005157 0.4653614 0.4904292 0.7531661 0.6504901 0.4813581 0.5135426 0.4894069 0.4564498 0.5139467 0.5209173 0.4766254 
Exophiala_oligosperma                 0.6853521 0.9803602 0.5027931 0.5027931 0.4367051 0.3951007 0.3933396 0.6477491 0.2819722 0.0000000 0.1779622 0.3338062 0.3382960 0.3055539 0.2858320 0.3112458 0.2740948 0.2630743 0.3924732 0.4080423 0.4089947 0.4534688 0.5099834 0.4767599 0.5124158 0.4531282 0.4405520 0.4721799 0.6087830 0.3968276 0.4786915 0.5541255 0.4857851 0.5001501 0.5694573 0.5474435 0.4642748 0.5419314 0.4492853 0.4373129 0.5526062 0.5759818 0.4527148 
Exophiala_xenobiotica                 0.9437781 1.0993699 0.5681590 0.5681590 0.4671479 0.4593220 0.4496791 0.6967719 0.3323137 0.1779622 0.0000000 0.3364108 0.3935261 0.3882774 0.2893419 0.3077474 0.2928047 0.3152209 0.5372091 0.5810379 0.5050835 0.4499567 0.5383995 0.5385061 0.5907536 0.5854091 0.5622848 0.5676420 0.6132460 0.5162386 0.5302330 0.6092406 0.5097908 0.5005255 0.6217166 0.5353896 0.5515743 0.4875358 0.5241983 0.4991999 0.5001783 0.5548139 0.5151021 
Exophiala_mesophila                   0.6174664 0.8163596 0.4751967 0.4751967 0.4520874 0.3473605 0.4003166 0.6023246 0.1680521 0.3338062 0.3364108 0.0000000 0.3507788 0.3322858 0.2974502 0.3267768 0.2276731 0.2199969 0.5042694 0.5105472 0.3942819 0.4725599 0.4518393 0.4692212 0.6153019 0.5038134 0.5401709 0.5067137 0.5699549 0.4383757 0.4969518 0.6174447 0.4908912 0.5114830 0.7686385 0.6241296 0.5615314 0.5507329 0.5031430 0.4899327 0.5713537 0.5937119 0.5117233 
Cladophialophora_yegresii             0.9440145 0.8114055 0.4659942 0.4659942 0.3646736 0.4128310 0.4265474 0.6151506 0.3252341 0.3382960 0.3935261 0.3507788 0.0000000 0.0628797 0.1499454 0.2277514 0.3100886 0.2234450 0.4727282 0.4902333 0.4443568 0.4775634 0.4867694 0.4862280 0.5463929 0.4808397 0.4951238 0.5109973 0.4770714 0.4109341 0.4293477 0.4446065 0.4486515 0.4394481 0.6286801 0.6552722 0.4857696 0.4357689 0.4554988 0.4567371 0.4199125 0.4578836 0.4824223 
Cladophialophora_carrionii            0.7706911 0.8089721 0.4976350 0.4976350 0.4133409 0.4013613 0.4132605 0.5711023 0.3203522 0.3055539 0.3882774 0.3322858 0.0628797 0.0000000 0.1588701 0.2250207 0.2938822 0.2185303 0.4752389 0.4783006 0.4583334 0.4285892 0.4574112 0.4447403 0.5409808 0.4700766 0.4412362 0.4478584 0.4914827 0.3915086 0.4461333 0.4969271 0.4852665 0.4921066 0.6437454 0.6023216 0.4138127 0.4241779 0.4020793 0.4071713 0.4268071 0.4414025 0.4112108 
Cladophialophora_immunda              0.9487074 0.6355031 0.4978978 0.4978978 0.4079855 0.4906534 0.5067948 0.5543815 0.2426726 0.2858320 0.2893419 0.2974502 0.1499454 0.1588701 0.0000000 0.1034624 0.2327072 0.2254909 0.4119522 0.4362377 0.3926383 0.3985502 0.5327445 0.5153159 0.5485400 0.4624573 0.4471508 0.4423537 0.4481381 0.3752278 0.4092383 0.4271814 0.3584200 0.3549706 0.6008322 0.6406235 0.4661048 0.4105194 0.4405631 0.4541989 0.3886764 0.4581908 0.4532978 
Fonsecaea_pedrosoi                    0.9469431 0.7589460 0.5040314 0.5040314 0.4279608 0.4604342 0.4944150 0.5767730 0.2907830 0.3112458 0.3077474 0.3267768 0.2277514 0.2250207 0.1034624 0.0000000 0.2760176 0.2634901 0.4413074 0.4837794 0.4407738 0.4171721 0.5907009 0.5717241 0.5681226 0.5123619 0.5342620 0.5012274 0.5219509 0.3789715 0.4152662 0.4441440 0.3670211 0.3847234 0.6529951 0.6917654 0.5137731 0.4308474 0.4682354 0.4683005 0.4227210 0.4890640 0.5091093 
Exophiala_dermatitidis_NIH.UT8656     0.5672750 0.7259976 0.5105074 0.5105074 0.3821500 0.3064589 0.3532901 0.5258074 0.2796967 0.2740948 0.2928047 0.2276731 0.3100886 0.2938822 0.2327072 0.2760176 0.0000000 0.2029018 0.4290039 0.4249072 0.3368246 0.4109104 0.4283858 0.4333323 0.5006188 0.4660450 0.4854095 0.4336941 0.5137173 0.3980810 0.4470894 0.5481786 0.4791560 0.4811478 0.6651501 0.5835466 0.4578992 0.4691542 0.4161002 0.3833326 0.4648475 0.4830886 0.4224300 
Capronia_coronata                     0.5798792 0.8241418 0.5243856 0.5243856 0.4556043 0.3911803 0.4511519 0.5178374 0.2788134 0.2630743 0.3152209 0.2199969 0.2234450 0.2185303 0.2254909 0.2634901 0.2029018 0.0000000 0.4380751 0.4174591 0.3309610 0.3702305 0.4698269 0.4793192 0.5934682 0.4461290 0.4074685 0.4285698 0.5033469 0.4100385 0.4865627 0.5927404 0.4805797 0.4927976 0.6917483 0.6063847 0.5150695 0.5152527 0.4322375 0.4291722 0.5026314 0.5418657 0.4881002 
Neophaeococcomyces_oklahomaensis      0.6059731 0.5790961 0.5329911 0.5329911 0.4392130 0.4085585 0.4251836 0.4096583 0.4363364 0.3924732 0.5372091 0.5042694 0.4727282 0.4752389 0.4119522 0.4413074 0.4290039 0.4380751 0.0000000 0.0904709 0.0674574 0.1244082 0.2917553 0.2692914 0.3572428 0.2630500 0.2764669 0.2540844 0.3202216 0.2889928 0.3248831 0.3393870 0.3100730 0.3001155 0.3363321 0.3151649 0.3372081 0.3089064 0.2431742 0.2733260 0.2612305 0.2548403 0.2375610 
Neophaeococcomyces_aloes              0.5871996 0.6042554 0.5318700 0.5318700 0.4455494 0.4050958 0.4044999 0.4085050 0.4470367 0.4080423 0.5810379 0.5105472 0.4902333 0.4783006 0.4362377 0.4837794 0.4249072 0.4174591 0.0904709 0.0000000 0.0508066 0.0963114 0.3431281 0.3129334 0.3942126 0.3005606 0.3063551 0.2951578 0.3587886 0.2776609 0.3109516 0.3712293 0.3166063 0.3192183 0.3687601 0.3169343 0.3347358 0.3300439 0.2600478 0.2780154 0.2829173 0.2819014 0.2446093 
Neophaeococcomyces_catenatus          0.5637367 0.6321797 0.4724896 0.4724896 0.4512119 0.3667955 0.4165777 0.3833068 0.3919001 0.4089947 0.5050835 0.3942819 0.4443568 0.4583334 0.3926383 0.4407738 0.3368246 0.3309610 0.0674574 0.0508066 0.0000000 0.1095187 0.2827538 0.2726937 0.3689892 0.2627921 0.2978259 0.2613580 0.3114009 0.2767055 0.2997624 0.3359095 0.2902855 0.2808277 0.3291965 0.2702316 0.2934230 0.2970088 0.2376974 0.2696950 0.2432122 0.2370681 0.2142877 
Neophaeococcomyces_mojaviensis_JES112 0.7117706 0.6207283 0.5335999 0.5335999 0.5114395 0.4263295 0.4314069 0.3054310 0.4032293 0.4534688 0.4499567 0.4725599 0.4775634 0.4285892 0.3985502 0.4171721 0.4109104 0.3702305 0.1244082 0.0963114 0.1095187 0.0000000 0.2955749 0.2849640 0.3899654 0.3089618 0.2924871 0.3091500 0.3344558 0.2303443 0.2394802 0.3023930 0.2287396 0.2539171 0.3443289 0.2996412 0.2484708 0.2582764 0.1981041 0.2230662 0.2038203 0.2119258 0.2026846 
Lithohypha_guttulata                  0.7139493 0.6866536 0.5906920 0.5906920 0.5094348 0.3970540 0.4076171 0.3945777 0.4414257 0.5099834 0.5383995 0.4518393 0.4867694 0.4574112 0.5327445 0.5907009 0.4283858 0.4698269 0.2917553 0.3431281 0.2827538 0.2955749 0.0000000 0.0124192 0.3120964 0.3294567 0.3472341 0.3101665 0.3421722 0.2788300 0.3112438 0.3808713 0.3155204 0.3303704 0.3518157 0.3082972 0.2909320 0.3334282 0.3492545 0.3356407 0.3287523 0.2727191 0.3015690 
Lithohypha_aloicola                   0.6792815 0.6061078 0.5925805 0.5925805 0.5041774 0.3706935 0.3755962 0.3591382 0.4547633 0.4767599 0.5385061 0.4692212 0.4862280 0.4447403 0.5153159 0.5717241 0.4333323 0.4793192 0.2692914 0.3129334 0.2726937 0.2849640 0.0124192 0.0000000 0.2804874 0.2939665 0.3164239 0.2772690 0.3295249 0.2525067 0.2918200 0.3585716 0.3053312 0.3198346 0.3337449 0.2846600 0.2724005 0.3214987 0.3151784 0.3095463 0.3130314 0.2685211 0.2666375 
Strelitziana_africana                 0.6389749 0.7128942 0.5700016 0.5700016 0.5130187 0.3548874 0.3924968 0.5090330 0.5476371 0.5124158 0.5907536 0.6153019 0.5463929 0.5409808 0.5485400 0.5681226 0.5006188 0.5934682 0.3572428 0.3942126 0.3689892 0.3899654 0.3120964 0.2804874 0.0000000 0.3147778 0.3167580 0.2914694 0.3485589 0.2654301 0.2791242 0.2870792 0.3256699 0.3272425 0.2789599 0.2894734 0.3036281 0.2471799 0.2422962 0.2854582 0.2496867 0.3549613 0.2607411 
Trichomerium_sp.                      0.6962335 0.7867838 0.6648216 0.6648216 0.5511318 0.4546027 0.4622555 0.4344578 0.5784731 0.4531282 0.5854091 0.5038134 0.4808397 0.4700766 0.4624573 0.5123619 0.4660450 0.4461290 0.2630500 0.3005606 0.2627921 0.3089618 0.3294567 0.2939665 0.3147778 0.0000000 0.0530958 0.1147168 0.0998461 0.2813740 0.3032425 0.3692171 0.3343169 0.3378113 0.3148362 0.3193481 0.3208460 0.3433790 0.2809538 0.3060508 0.3035032 0.3142932 0.2692222 
Trichomerium_gleosporum               0.6729555 0.7950156 0.7418138 0.7418138 0.6069571 0.4453488 0.4387527 0.4598947 0.5434945 0.4405520 0.5622848 0.5401709 0.4951238 0.4412362 0.4471508 0.5342620 0.4854095 0.4074685 0.2764669 0.3063551 0.2978259 0.2924871 0.3472341 0.3164239 0.3167580 0.0530958 0.0000000 0.1051055 0.0993001 0.2528709 0.3139703 0.3715497 0.3532557 0.3667444 0.3514274 0.3431251 0.3410305 0.3768131 0.2843761 0.3186596 0.3298333 0.3513567 0.2950946 
Trichomerium_deniquelatum             0.6203417 0.7830306 0.6501621 0.6501621 0.5532624 0.3992336 0.4302298 0.4321051 0.5176932 0.4721799 0.5676420 0.5067137 0.5109973 0.4478584 0.4423537 0.5012274 0.4336941 0.4285698 0.2540844 0.2951578 0.2613580 0.3091500 0.3101665 0.2772690 0.2914694 0.1147168 0.1051055 0.0000000 0.0826336 0.2657995 0.3204061 0.3655759 0.3259812 0.3254323 0.3462647 0.3298553 0.3262621 0.3286090 0.2756284 0.2897815 0.2871916 0.3307611 0.2711887 
Trichomerium_cicatricatum             0.9107569 0.6709682 0.7209203 0.7209203 0.6029505 0.5438204 0.5523032 0.4274443 0.5586576 0.6087830 0.6132460 0.5699549 0.4770714 0.4914827 0.4481381 0.5219509 0.5137173 0.5033469 0.3202216 0.3587886 0.3114009 0.3344558 0.3421722 0.3295249 0.3485589 0.0998461 0.0993001 0.0826336 0.0000000 0.2779194 0.2874439 0.2988019 0.3207782 0.3201801 0.3517835 0.3835449 0.3672348 0.3425685 0.3269654 0.3501491 0.2952270 0.3193596 0.3117422 
Arthrocladium_tropicale               0.5331093 0.5791760 0.5727148 0.5727148 0.4834505 0.3510326 0.3678937 0.2943889 0.3999218 0.3968276 0.5162386 0.4383757 0.4109341 0.3915086 0.3752278 0.3789715 0.3980810 0.4100385 0.2889928 0.2776609 0.2767055 0.2303443 0.2788300 0.2525067 0.2654301 0.2813740 0.2528709 0.2657995 0.2779194 0.0000000 0.0410171 0.0732444 0.2583749 0.2686047 0.3364062 0.2836772 0.1968122 0.1658752 0.1384052 0.1396989 0.1482202 0.1794795 0.1525687 
Arthrocladium_tardum                  0.7299113 0.4933578 0.5846514 0.5846514 0.5093743 0.4399428 0.4389945 0.2856664 0.4416070 0.4786915 0.5302330 0.4969518 0.4293477 0.4461333 0.4092383 0.4152662 0.4470894 0.4865627 0.3248831 0.3109516 0.2997624 0.2394802 0.3112438 0.2918200 0.2791242 0.3032425 0.3139703 0.3204061 0.2874439 0.0410171 0.0000000 0.0768189 0.2761158 0.2930857 0.3555801 0.3288759 0.2016195 0.1632739 0.1614314 0.1714391 0.1644969 0.1865851 0.1740524 
Arthrocladium_caudatum                0.7739170 0.5033060 0.6157267 0.6157267 0.5139338 0.5384185 0.5625663 0.2996027 0.5005157 0.5541255 0.6092406 0.6174447 0.4446065 0.4969271 0.4271814 0.4441440 0.5481786 0.5927404 0.3393870 0.3712293 0.3359095 0.3023930 0.3808713 0.3585716 0.2870792 0.3692171 0.3715497 0.3655759 0.2988019 0.0732444 0.0768189 0.0000000 0.2647799 0.2730497 0.3354358 0.3506598 0.2231181 0.1879517 0.1954120 0.1796222 0.1507407 0.1920415 0.1956475 
Anthracina_saxicola                   0.8248620 0.5143154 0.5916944 0.5916944 0.5064642 0.4777428 0.4855941 0.3537743 0.4653614 0.4857851 0.5097908 0.4908912 0.4486515 0.4852665 0.3584200 0.3670211 0.4791560 0.4805797 0.3100730 0.3166063 0.2902855 0.2287396 0.3155204 0.3053312 0.3256699 0.3343169 0.3532557 0.3259812 0.3207782 0.2583749 0.2761158 0.2647799 0.0000000 0.0266592 0.3437592 0.3441026 0.3162870 0.2553111 0.2698038 0.2717023 0.2046657 0.2704219 0.2567247 
Anthracina_ramosa                     0.8358170 0.5378463 0.6141351 0.6141351 0.5394478 0.5081822 0.5198040 0.3708054 0.4904292 0.5001501 0.5005255 0.5114830 0.4394481 0.4921066 0.3549706 0.3847234 0.4811478 0.4927976 0.3001155 0.3192183 0.2808277 0.2539171 0.3303704 0.3198346 0.3272425 0.3378113 0.3667444 0.3254323 0.3201801 0.2686047 0.2930857 0.2730497 0.0266592 0.0000000 0.3487395 0.3655765 0.3236511 0.2564749 0.2669915 0.2764419 0.2123407 0.2763469 0.2578224 
Bradymyces_yunnanensis                0.8396899 0.5101927 0.6198701 0.6198701 0.5921007 0.5871645 0.5860920 0.3853601 0.7531661 0.5694573 0.6217166 0.7686385 0.6286801 0.6437454 0.6008322 0.6529951 0.6651501 0.6917483 0.3363321 0.3687601 0.3291965 0.3443289 0.3518157 0.3337449 0.2789599 0.3148362 0.3514274 0.3462647 0.3517835 0.3364062 0.3555801 0.3354358 0.3437592 0.3487395 0.0000000 0.0607184 0.3132842 0.2771916 0.2637984 0.2551263 0.2055645 0.2412569 0.2169289 
Bradymyces_alpinus                    0.6937425 0.5809688 0.6467620 0.6467620 0.6335466 0.4660326 0.4682250 0.3208382 0.6504901 0.5474435 0.5353896 0.6241296 0.6552722 0.6023216 0.6406235 0.6917654 0.5835466 0.6063847 0.3151649 0.3169343 0.2702316 0.2996412 0.3082972 0.2846600 0.2894734 0.3193481 0.3431251 0.3298553 0.3835449 0.2836772 0.3288759 0.3506598 0.3441026 0.3655765 0.0607184 0.0000000 0.2799394 0.2792264 0.2315968 0.2238655 0.2147926 0.2219728 0.1971910 
Knufia_mediterranea                   0.6256548 0.5793428 0.6464424 0.6464424 0.5603001 0.4303372 0.4526754 0.3537322 0.4813581 0.4642748 0.5515743 0.5615314 0.4857696 0.4138127 0.4661048 0.5137731 0.4578992 0.5150695 0.3372081 0.3347358 0.2934230 0.2484708 0.2909320 0.2724005 0.3036281 0.3208460 0.3410305 0.3262621 0.3672348 0.1968122 0.2016195 0.2231181 0.3162870 0.3236511 0.3132842 0.2799394 0.0000000 0.1487742 0.1525702 0.1493487 0.1721834 0.1441472 0.1446770 
Knufia_obscura                        0.7247544 0.5147503 0.5527335 0.5527335 0.4296800 0.4758084 0.4768998 0.2974911 0.5135426 0.5419314 0.4875358 0.5507329 0.4357689 0.4241779 0.4105194 0.4308474 0.4691542 0.5152527 0.3089064 0.3300439 0.2970088 0.2582764 0.3334282 0.3214987 0.2471799 0.3433790 0.3768131 0.3286090 0.3425685 0.1658752 0.1632739 0.1879517 0.2553111 0.2564749 0.2771916 0.2792264 0.1487742 0.0000000 0.1683600 0.1793828 0.1401043 0.1589502 0.1399386 
Knufia_sp.                            0.5090065 0.7524922 0.5808616 0.5808616 0.5298043 0.3389356 0.3760651 0.3438849 0.4894069 0.4492853 0.5241983 0.5031430 0.4554988 0.4020793 0.4405631 0.4682354 0.4161002 0.4322375 0.2431742 0.2600478 0.2376974 0.1981041 0.3492545 0.3151784 0.2422962 0.2809538 0.2843761 0.2756284 0.3269654 0.1384052 0.1614314 0.1954120 0.2698038 0.2669915 0.2637984 0.2315968 0.1525702 0.1683600 0.0000000 0.0702156 0.0932234 0.0987225 0.0627173 
Knufia_walvisbayicola                 0.5253112 0.5005192 0.5826453 0.5826453 0.4719230 0.3591174 0.3703960 0.2767285 0.4564498 0.4373129 0.4991999 0.4899327 0.4567371 0.4071713 0.4541989 0.4683005 0.3833326 0.4291722 0.2733260 0.2780154 0.2696950 0.2230662 0.3356407 0.3095463 0.2854582 0.3060508 0.3186596 0.2897815 0.3501491 0.1396989 0.1714391 0.1796222 0.2717023 0.2764419 0.2551263 0.2238655 0.1493487 0.1793828 0.0702156 0.0000000 0.1003517 0.1123778 0.0568914 
Knufia_tsunedae                       0.7019528 0.4018983 0.4629618 0.4629618 0.4464880 0.3681271 0.3921466 0.2512005 0.5139467 0.5526062 0.5001783 0.5713537 0.4199125 0.4268071 0.3886764 0.4227210 0.4648475 0.5026314 0.2612305 0.2829173 0.2432122 0.2038203 0.3287523 0.3130314 0.2496867 0.3035032 0.3298333 0.2871916 0.2952270 0.1482202 0.1644969 0.1507407 0.2046657 0.2123407 0.2055645 0.2147926 0.1721834 0.1401043 0.0932234 0.1003517 0.0000000 0.1032298 0.0567219 
Knufia_separata                       0.6567717 0.4867154 0.5352451 0.5352451 0.4794733 0.4401872 0.4515001 0.3118907 0.5209173 0.5759818 0.5548139 0.5937119 0.4578836 0.4414025 0.4581908 0.4890640 0.4830886 0.5418657 0.2548403 0.2819014 0.2370681 0.2119258 0.2727191 0.2685211 0.3549613 0.3142932 0.3513567 0.3307611 0.3193596 0.1794795 0.1865851 0.1920415 0.2704219 0.2763469 0.2412569 0.2219728 0.1441472 0.1589502 0.0987225 0.1123778 0.1032298 0.0000000 0.0688428 
Knufia_petricola                      0.5501780 0.4899182 0.5489839 0.5489839 0.4699838 0.3682774 0.3690293 0.2401031 0.4766254 0.4527148 0.5151021 0.5117233 0.4824223 0.4112108 0.4532978 0.5091093 0.4224300 0.4881002 0.2375610 0.2446093 0.2142877 0.2026846 0.3015690 0.2666375 0.2607411 0.2692222 0.2950946 0.2711887 0.3117422 0.1525687 0.1740524 0.1956475 0.2567247 0.2578224 0.2169289 0.1971910 0.1446770 0.1399386 0.0627173 0.0568914 0.0567219 0.0688428 0.0000000 
