41
Aspergillus_fumigatus                 0.0000000 0.2423635 0.3981048 0.2408510 0.2570325 0.2602042 0.2785078 0.2917194 0.2797989 0.2739383 0.2666544 0.6129042 0.2855979 0.2665831 0.2665831 0.2268046 0.2671217 0.2594651 0.2883471 0.2956306 0.3481986 0.3225811 0.2860698 0.3313887 0.3432315 0.2829476 0.3100434 0.2968976 0.3454796 0.2808956 0.4010298 0.2996009 0.2957986 0.2805419 0.2808436 0.2892202 0.3162789 0.2429696 0.2434691 0.6252414 0.5782925 
Cladophialophora_yegresii             0.2423635 0.0000000 0.0818152 0.0361015 0.4349510 0.1201317 0.1495538 0.1100789 0.0873370 0.1118625 0.0886720 0.1265568 0.1447367 0.1155493 0.1155493 0.0513070 0.1206012 0.1075397 0.1334621 0.1561459 0.1304449 0.1025373 0.0799853 0.1078945 0.1369087 0.0784311 0.0835530 0.1297607 0.1291310 0.1191179 0.1460125 0.0830058 0.1227329 0.1053229 0.1024271 0.1076659 0.1331201 0.0438367 0.0578057 0.1204873 0.1082621 
Fonsecaea_pedrosoi                    0.3981048 0.0818152 0.0000000 0.0296270 0.0769341 0.1565645 0.1939170 0.1465457 0.1565645 0.1565645 0.1232928 0.1105951 0.1939170 0.1730837 0.1730837 0.0877459 0.1672775 0.1497415 0.2278798 0.2341883 0.1240868 0.2206376 0.1944398 0.2086008 0.2086008 0.1541136 0.1676067 0.2078296 0.1860758 0.1548660 0.1540690 0.1956217 0.1549110 0.1273802 0.1210147 0.2141205 0.1774844 0.0867688 0.1082623 0.0943576 0.0981700 
Cladophialophora_immunda              0.2408510 0.0361015 0.0296270 0.0000000 0.0575759 0.0960696 0.1278942 0.1031303 0.0997724 0.0969516 0.0909165 0.1174498 0.1257606 0.1018842 0.1018842 0.0453230 0.1021854 0.0921451 0.1213766 0.1349330 0.0970473 0.1328205 0.1139165 0.1442281 0.1435024 0.1016975 0.1371305 0.1144091 0.1262482 0.0952969 0.1082851 0.1385821 0.1024949 0.0991131 0.0966429 0.1212716 0.1355709 0.0499044 0.0583242 0.0960326 0.0728494 
Cladophialophora_carrionii            0.2570325 0.4349510 0.0769341 0.0575759 0.0000000 0.1393820 0.1473640 0.1182068 0.3559797 0.1417493 0.6173076 0.1348545 0.1615528 0.1382927 0.1382927 0.0701644 0.1430034 0.1383896 0.1659057 0.1787500 0.1198679 0.2643938 0.6316580 0.2781075 0.1422285 0.6110931 0.6444100 0.1234181 0.1300057 0.1238674 0.1541816 0.6471217 0.1169772 0.0976060 0.0951450 0.4690928 0.1424109 0.1580765 0.0709855 0.1123819 0.1163406 
Cyphellophora_laciniata               0.2602042 0.1201317 0.1565645 0.0960696 0.1393820 0.0000000 0.1798794 0.0357650 0.0084892 0.0070736 0.0255607 0.2355782 0.1805539 0.1455638 0.1455638 0.1036937 0.1460003 0.1390139 0.1712409 0.1659163 0.1793040 0.1669832 0.1628912 0.1827609 0.1845357 0.1484525 0.1801684 0.1680048 0.1580360 0.1460109 0.2030498 0.1729543 0.1530137 0.1485779 0.1456667 0.1550947 0.1717206 0.1029480 0.1025539 0.1772210 0.2167196 
Lithohypha_guttulata                  0.2785078 0.1495538 0.1939170 0.1278942 0.1473640 0.1798794 0.0000000 0.1744154 0.1846141 0.1816130 0.1757000 0.3233843 0.0000010 0.0643140 0.0643140 0.1154168 0.0662001 0.0733730 0.0993985 0.0865593 0.0935126 0.1003019 0.0910276 0.1023402 0.1028025 0.0789931 0.0931993 0.0941633 0.0850947 0.0775769 0.1081199 0.0952161 0.0958903 0.0775368 0.0753016 0.1057109 0.0966380 0.1267586 0.1289013 0.2516434 0.2715480 
Cyphellophora_sessilis                0.2917194 0.1100789 0.1465457 0.1031303 0.1182068 0.0357650 0.1744154 0.0000000 0.0390234 0.0390234 0.0356223 0.1993806 0.1744154 0.1325779 0.1325779 0.1025931 0.1328472 0.1247258 0.1630281 0.1470425 0.1607262 0.1649682 0.1465304 0.1689524 0.1658110 0.1384503 0.1661103 0.1490282 0.1485431 0.1387486 0.1682200 0.1747561 0.1434581 0.1454513 0.1424144 0.1430275 0.1662328 0.0999114 0.1081189 0.2084545 0.1904070 
Cyphellophora_vermispora              0.2797989 0.0873370 0.1565645 0.0997724 0.3559797 0.0084892 0.1846141 0.0390234 0.0000000 0.0000010 0.0187389 0.2355782 0.1792120 0.1472691 0.1472691 0.0987457 0.1475467 0.1380467 0.1641001 0.1699081 0.1919301 0.1366350 0.1224719 0.1523053 0.1868913 0.1111384 0.1331312 0.1629416 0.1596039 0.1458080 0.2030498 0.1315812 0.1497157 0.1500288 0.1470833 0.1283617 0.1709270 0.0877368 0.1058280 0.1772210 0.1990209 
Cyphellophora_aestiva                 0.2739383 0.1118625 0.1565645 0.0969516 0.1417493 0.0070736 0.1816130 0.0390234 0.0000010 0.0000000 0.0212528 0.2355782 0.1764257 0.1456061 0.1456061 0.0983415 0.1458747 0.1344309 0.1676381 0.1650072 0.1864577 0.1567996 0.1546104 0.1742287 0.1845357 0.1363119 0.1742356 0.1609157 0.1582697 0.1439479 0.2030498 0.1670028 0.1484834 0.1487936 0.1458771 0.1426557 0.1694679 0.0983895 0.1032217 0.1772210 0.1990209 
Cyphellophora_europaea                0.2666544 0.0886720 0.1232928 0.0909165 0.6173076 0.0255607 0.1757000 0.0356223 0.0187389 0.0212528 0.0000000 0.1979841 0.1707141 0.1357509 0.1357509 0.0941161 0.1311607 0.1399382 0.1700982 0.1565633 0.1660228 0.1324911 0.1149446 0.1411009 0.1719329 0.0962294 0.1159682 0.1607770 0.1498255 0.1290923 0.1852697 0.1131093 0.1353697 0.1458900 0.1430049 0.1049230 0.1525779 0.0894623 0.0982105 0.1772815 0.1627659 
Capronia_coronata                     0.6129042 0.1265568 0.1105951 0.1174498 0.1348545 0.2355782 0.3233843 0.1993806 0.2355782 0.2355782 0.1979841 0.0000000 0.3233843 0.2762444 0.2762444 0.0771288 0.2664684 0.2335872 0.3470472 0.3525564 0.2309903 0.3295856 0.3150371 0.2995560 0.2995560 0.2464641 0.2561658 0.3129361 0.2827789 0.2482291 0.2463645 0.2418505 0.2301572 0.2603369 0.2475547 0.3727988 0.2327654 0.0699803 0.0922298 0.0585227 0.0501968 
Lithohypha_aloicola                   0.2855979 0.1447367 0.1939170 0.1257606 0.1615528 0.1805539 0.0000010 0.1744154 0.1792120 0.1764257 0.1707141 0.3233843 0.0000000 0.0644785 0.0644785 0.1157753 0.0663707 0.0735679 0.0996885 0.0907928 0.0965168 0.0976839 0.0886511 0.0996699 0.1028025 0.0769891 0.0858062 0.0909395 0.0850947 0.0773069 0.1081199 0.0935930 0.0958903 0.0775368 0.0753016 0.1029268 0.0966380 0.1232544 0.1293197 0.2516434 0.2715480 
Neophaeococcomyces_oklahomaensis      0.2665831 0.1155493 0.1730837 0.1018842 0.1382927 0.1455638 0.0643140 0.1325779 0.1472691 0.1456061 0.1357509 0.2762444 0.0644785 0.0000000 0.0000010 0.0750822 0.0022357 0.0176607 0.0596358 0.0717518 0.0829735 0.0668839 0.0528556 0.0647966 0.0672258 0.0587287 0.0794513 0.0548539 0.0538162 0.0592540 0.0960730 0.0876037 0.0630015 0.0537436 0.0517717 0.0759411 0.0904639 0.0906974 0.0797805 0.2215652 0.2687730 
Neophaeococcomyces_catenatus          0.2665831 0.1155493 0.1730837 0.1018842 0.1382927 0.1455638 0.0643140 0.1325779 0.1472691 0.1456061 0.1357509 0.2762444 0.0644785 0.0000010 0.0000000 0.0750822 0.0022357 0.0176607 0.0596358 0.0717518 0.0829735 0.0668839 0.0528556 0.0647966 0.0672258 0.0587287 0.0794513 0.0548539 0.0538162 0.0592540 0.0960730 0.0876037 0.0630015 0.0537436 0.0517717 0.0759411 0.0904639 0.0906974 0.0797805 0.2215652 0.2687730 
Exophiala_oligosperma                 0.2268046 0.0513070 0.0877459 0.0453230 0.0701644 0.1036937 0.1154168 0.1025931 0.0987457 0.0983415 0.0941161 0.0771288 0.1157753 0.0750822 0.0750822 0.0000000 0.0753149 0.0785805 0.1064955 0.1113050 0.0900369 0.1136736 0.1004973 0.1158100 0.1220986 0.0812287 0.1161391 0.1037179 0.1147728 0.0820378 0.1157030 0.1102374 0.0929105 0.1020496 0.0995763 0.1062789 0.1107319 0.0208861 0.0304178 0.0416922 0.0384806 
Neophaeococcomyces_aloes              0.2671217 0.1206012 0.1672775 0.1021854 0.1430034 0.1460003 0.0662001 0.1328472 0.1475467 0.1458747 0.1311607 0.2664684 0.0663707 0.0022357 0.0022357 0.0753149 0.0000000 0.0177470 0.0630646 0.0719783 0.0832391 0.0632965 0.0562895 0.0612542 0.0634464 0.0588730 0.0796115 0.0583379 0.0502703 0.0593995 0.0963872 0.0837317 0.0631572 0.0538915 0.0519175 0.0722125 0.0862987 0.0908754 0.0762288 0.2124308 0.2587545 
Neophaeococcomyces_mojaviensis_JES112 0.2594651 0.1075397 0.1497415 0.0921451 0.1383896 0.1390139 0.0733730 0.1247258 0.1380467 0.1344309 0.1399382 0.2335872 0.0735679 0.0176607 0.0176607 0.0785805 0.0177470 0.0000000 0.0645801 0.0681337 0.0764185 0.0628871 0.0526487 0.0610047 0.0631788 0.0467855 0.0736896 0.0599764 0.0588952 0.0472183 0.0752772 0.0836145 0.0537028 0.0418775 0.0400363 0.0778584 0.0803291 0.0865429 0.0763595 0.2204771 0.2067855 
Arthrocladium_caudatum                0.2883471 0.1334621 0.2278798 0.1213766 0.1659057 0.1712409 0.0993985 0.1630281 0.1641001 0.1676381 0.1700982 0.3470472 0.0996885 0.0596358 0.0596358 0.1064955 0.0630646 0.0645801 0.0000000 0.0780301 0.0657794 0.0726332 0.0111809 0.0761093 0.0793181 0.0444955 0.0689867 0.0139465 0.0789795 0.0449084 0.0655585 0.0900381 0.0453714 0.0673644 0.0652422 0.1232952 0.0894421 0.1211047 0.1132390 0.3327721 0.3216822 
Metulocladosporiella_musicola         0.2956306 0.1561459 0.2341883 0.1349330 0.1787500 0.1659163 0.0865593 0.1470425 0.1699081 0.1650072 0.1565633 0.3525564 0.0907928 0.0717518 0.0717518 0.1113050 0.0719783 0.0681337 0.0780301 0.0000000 0.0794630 0.0784248 0.0711961 0.0683457 0.0649857 0.0537369 0.0625568 0.0679003 0.0807497 0.0522979 0.0880851 0.0851084 0.0647427 0.0727495 0.0705756 0.0924527 0.0855196 0.1258406 0.1216834 0.3566849 0.3007732 
Knufia_tsunedae                       0.3481986 0.1304449 0.1240868 0.0970473 0.1198679 0.1793040 0.0935126 0.1607262 0.1919301 0.1864577 0.1660228 0.2309903 0.0965168 0.0829735 0.0829735 0.0900369 0.0832391 0.0764185 0.0657794 0.0794630 0.0000000 0.0941352 0.0522798 0.0842650 0.0812484 0.0277236 0.0627981 0.0633959 0.0830147 0.0271161 0.0256271 0.0876369 0.0259119 0.0634051 0.0600833 0.1340666 0.0918465 0.1001288 0.1145028 0.2154310 0.2390292 
Trichomerium_deniquelatum             0.3225811 0.1025373 0.2206376 0.1328205 0.2643938 0.1669832 0.1003019 0.1649682 0.1366350 0.1567996 0.1324911 0.3295856 0.0976839 0.0668839 0.0668839 0.1136736 0.0632965 0.0628871 0.0726332 0.0784248 0.0941352 0.0000000 0.0560947 0.0162290 0.0156730 0.0457160 0.0624056 0.0708530 0.0186214 0.0470115 0.0890792 0.0566734 0.0562854 0.0531339 0.0511767 0.0885705 0.0605572 0.1034058 0.1152387 0.2480859 0.2872813 
Arthrocladium_tropicale               0.2860698 0.0799853 0.1944398 0.1139165 0.6316580 0.1628912 0.0910276 0.1465304 0.1224719 0.1546104 0.1149446 0.3150371 0.0886511 0.0528556 0.0528556 0.1004973 0.0562895 0.0526487 0.0111809 0.0711961 0.0522798 0.0560947 0.0000000 0.0612611 0.0719319 0.0250482 0.0418928 0.0061946 0.0727015 0.0328317 0.0478715 0.0623199 0.0370087 0.0539388 0.0519602 0.0850389 0.0826751 0.0902534 0.1095490 0.2754568 0.2854769 
Trichomerium_gleosporum               0.3313887 0.1078945 0.2086008 0.1442281 0.2781075 0.1827609 0.1023402 0.1689524 0.1523053 0.1742287 0.1411009 0.2995560 0.0996699 0.0647966 0.0647966 0.1158100 0.0612542 0.0610047 0.0761093 0.0683457 0.0842650 0.0162290 0.0612611 0.0000000 0.0012283 0.0501733 0.0560996 0.0765650 0.0200490 0.0518737 0.0923860 0.0643462 0.0604090 0.0537266 0.0517568 0.0941235 0.0660300 0.1101844 0.1222673 0.2624073 0.2987538 
Trichomerium_sp.                      0.3432315 0.1369087 0.2086008 0.1435024 0.1422285 0.1845357 0.1028025 0.1658110 0.1868913 0.1845357 0.1719329 0.2995560 0.1028025 0.0672258 0.0672258 0.1220986 0.0634464 0.0631788 0.0793181 0.0649857 0.0812484 0.0156730 0.0719319 0.0012283 0.0000000 0.0557051 0.0635753 0.0764177 0.0187573 0.0520714 0.0923860 0.0696418 0.0591953 0.0524856 0.0505088 0.1025927 0.0648460 0.1307295 0.1267751 0.2624073 0.2987538 
Knufia_sp.                            0.2829476 0.0784311 0.1541136 0.1016975 0.6110931 0.1484525 0.0789931 0.1384503 0.1111384 0.1363119 0.0962294 0.2464641 0.0769891 0.0587287 0.0587287 0.0812287 0.0588730 0.0467855 0.0444955 0.0537369 0.0277236 0.0457160 0.0250482 0.0501733 0.0557051 0.0000000 0.0300440 0.0374549 0.0623728 0.0023836 0.0061465 0.0399675 0.0102973 0.0379934 0.0362052 0.0601227 0.0551263 0.0815999 0.1013663 0.2498633 0.2005648 
Knufia_mediterranea                   0.3100434 0.0835530 0.1676067 0.1371305 0.6444100 0.1801684 0.0931993 0.1661103 0.1331312 0.1742356 0.1159682 0.2561658 0.0858062 0.0794513 0.0794513 0.1161391 0.0796115 0.0736896 0.0689867 0.0625568 0.0627981 0.0624056 0.0418928 0.0560996 0.0635753 0.0300440 0.0000000 0.0582135 0.0792679 0.0344472 0.0621823 0.0493723 0.0363597 0.0592622 0.0572139 0.0827303 0.0685269 0.0931705 0.1292996 0.2721153 0.2272449 
Arthrocladium_tardum                  0.2968976 0.1297607 0.2078296 0.1144091 0.1234181 0.1680048 0.0941633 0.1490282 0.1629416 0.1609157 0.1607770 0.3129361 0.0909395 0.0548539 0.0548539 0.1037179 0.0583379 0.0599764 0.0139465 0.0679003 0.0633959 0.0708530 0.0061946 0.0765650 0.0764177 0.0374549 0.0582135 0.0000000 0.0744876 0.0403253 0.0623774 0.0853085 0.0402284 0.0574887 0.0554739 0.1094751 0.0845329 0.1121386 0.1149575 0.2982406 0.2877326 
Trichomerium_cicatricatum             0.3454796 0.1291310 0.1860758 0.1262482 0.1300057 0.1580360 0.0850947 0.1485431 0.1596039 0.1582697 0.1498255 0.2827789 0.0850947 0.0538162 0.0538162 0.1147728 0.0502703 0.0588952 0.0789795 0.0807497 0.0830147 0.0186214 0.0727015 0.0200490 0.0187573 0.0623728 0.0792679 0.0744876 0.0000000 0.0586967 0.0955454 0.0732299 0.0651902 0.0475926 0.0456999 0.1035468 0.0710984 0.1159062 0.1142075 0.2100704 0.3064461 
Knufia_walvisbayicola                 0.2808956 0.1191179 0.1548660 0.0952969 0.1238674 0.1460109 0.0775769 0.1387486 0.1458080 0.1439479 0.1290923 0.2482291 0.0773069 0.0592540 0.0592540 0.0820378 0.0593995 0.0472183 0.0449084 0.0522979 0.0271161 0.0470115 0.0328317 0.0518737 0.0520714 0.0023836 0.0344472 0.0403253 0.0586967 0.0000000 0.0104367 0.0594012 0.0130117 0.0381270 0.0363355 0.0781184 0.0552826 0.0865435 0.1003158 0.2517238 0.2020372 
Knufia_petricola                      0.4010298 0.1460125 0.1540690 0.1082851 0.1541816 0.2030498 0.1081199 0.1682200 0.2030498 0.2030498 0.1852697 0.2463645 0.1081199 0.0960730 0.0960730 0.1157030 0.0963872 0.0752772 0.0655585 0.0880851 0.0256271 0.0890792 0.0478715 0.0923860 0.0923860 0.0061465 0.0621823 0.0623774 0.0955454 0.0104367 0.0000000 0.1023415 0.0171533 0.0592775 0.0559424 0.1292520 0.0989274 0.1137773 0.1440329 0.2309193 0.2183046 
Bradymyces_alpinus                    0.2996009 0.0830058 0.1956217 0.1385821 0.6471217 0.1729543 0.0952161 0.1747561 0.1315812 0.1670028 0.1131093 0.2418505 0.0935930 0.0876037 0.0876037 0.1102374 0.0837317 0.0836145 0.0900381 0.0851084 0.0876369 0.0566734 0.0623199 0.0643462 0.0696418 0.0399675 0.0493723 0.0853085 0.0732299 0.0594012 0.1023415 0.0000000 0.0681485 0.0809445 0.0786752 0.0764487 0.0075069 0.0999832 0.1146689 0.2180649 0.2029790 
Knufia_separata                       0.2957986 0.1227329 0.1549110 0.1024949 0.1169772 0.1530137 0.0958903 0.1434581 0.1497157 0.1484834 0.1353697 0.2301572 0.0958903 0.0630015 0.0630015 0.0929105 0.0631572 0.0537028 0.0453714 0.0647427 0.0259119 0.0562854 0.0370087 0.0604090 0.0591953 0.0102973 0.0363597 0.0402284 0.0651902 0.0130117 0.0171533 0.0681485 0.0000000 0.0416983 0.0398616 0.0914140 0.0630176 0.0992648 0.1062240 0.2328378 0.1991997 
Anthracina_saxicola                   0.2805419 0.1053229 0.1273802 0.0991131 0.0976060 0.1485779 0.0775368 0.1454513 0.1500288 0.1487936 0.1458900 0.2603369 0.0775368 0.0537436 0.0537436 0.1020496 0.0538915 0.0418775 0.0673644 0.0727495 0.0634051 0.0531339 0.0539388 0.0537266 0.0524856 0.0379934 0.0592622 0.0574887 0.0475926 0.0381270 0.0592775 0.0809445 0.0416983 0.0000000 0.0012295 0.0893649 0.0749224 0.1001210 0.1071076 0.2415164 0.2504823 
Anthracina_ramosa                     0.2808436 0.1024271 0.1210147 0.0966429 0.0951450 0.1456667 0.0753016 0.1424144 0.1470833 0.1458771 0.1430049 0.2475547 0.0753016 0.0517717 0.0517717 0.0995763 0.0519175 0.0400363 0.0652422 0.0705756 0.0600833 0.0511767 0.0519602 0.0517568 0.0505088 0.0362052 0.0572139 0.0554739 0.0456999 0.0363355 0.0559424 0.0786752 0.0398616 0.0012295 0.0000000 0.0870116 0.0727131 0.0976502 0.1045777 0.2291304 0.2375523 
Strelitziana_africana                 0.2892202 0.1076659 0.2141205 0.1212716 0.4690928 0.1550947 0.1057109 0.1430275 0.1283617 0.1426557 0.1049230 0.3727988 0.1029268 0.0759411 0.0759411 0.1062789 0.0722125 0.0778584 0.1232952 0.0924527 0.1340666 0.0885705 0.0850389 0.0941235 0.1025927 0.0601227 0.0827303 0.1094751 0.1035468 0.0781184 0.1292520 0.0764487 0.0914140 0.0893649 0.0870116 0.0000000 0.0936593 0.1059761 0.1167541 0.3570258 0.3195524 
Bradymyces_yunnanensis                0.3162789 0.1331201 0.1774844 0.1355709 0.1424109 0.1717206 0.0966380 0.1662328 0.1709270 0.1694679 0.1525779 0.2327654 0.0966380 0.0904639 0.0904639 0.1107319 0.0862987 0.0803291 0.0894421 0.0855196 0.0918465 0.0605572 0.0826751 0.0660300 0.0648460 0.0551263 0.0685269 0.0845329 0.0710984 0.0552826 0.0989274 0.0075069 0.0630176 0.0749224 0.0727131 0.0936593 0.0000000 0.1123187 0.1183185 0.2180649 0.1768696 
Exophiala_radicis                     0.2429696 0.0438367 0.0867688 0.0499044 0.1580765 0.1029480 0.1267586 0.0999114 0.0877368 0.0983895 0.0894623 0.0699803 0.1232544 0.0906974 0.0906974 0.0208861 0.0908754 0.0865429 0.1211047 0.1258406 0.1001288 0.1034058 0.0902534 0.1101844 0.1307295 0.0815999 0.0931705 0.1121386 0.1159062 0.0865435 0.1137773 0.0999832 0.0992648 0.1001210 0.0976502 0.1059761 0.1123187 0.0000000 0.0278878 0.0672203 0.0486903 
Exophiala_mesophila                   0.2434691 0.0578057 0.1082623 0.0583242 0.0709855 0.1025539 0.1289013 0.1081189 0.1058280 0.1032217 0.0982105 0.0922298 0.1293197 0.0797805 0.0797805 0.0304178 0.0762288 0.0763595 0.1132390 0.1216834 0.1145028 0.1152387 0.1095490 0.1222673 0.1267751 0.1013663 0.1292996 0.1149575 0.1142075 0.1003158 0.1440329 0.1146689 0.1062240 0.1071076 0.1045777 0.1167541 0.1183185 0.0278878 0.0000000 0.0750448 0.0823563 
Exophiala_xenobiotica                 0.6252414 0.1204873 0.0943576 0.0960326 0.1123819 0.1772210 0.2516434 0.2084545 0.1772210 0.1772210 0.1772815 0.0585227 0.2516434 0.2215652 0.2215652 0.0416922 0.2124308 0.2204771 0.3327721 0.3566849 0.2154310 0.2480859 0.2754568 0.2624073 0.2624073 0.2498633 0.2721153 0.2982406 0.2100704 0.2517238 0.2309193 0.2180649 0.2328378 0.2415164 0.2291304 0.3570258 0.2180649 0.0672203 0.0750448 0.0000000 0.0538752 
Exophiala_dermatitidis_NIH.UT8656     0.5782925 0.1082621 0.0981700 0.0728494 0.1163406 0.2167196 0.2715480 0.1904070 0.1990209 0.1990209 0.1627659 0.0501968 0.2715480 0.2687730 0.2687730 0.0384806 0.2587545 0.2067855 0.3216822 0.3007732 0.2390292 0.2872813 0.2854769 0.2987538 0.2987538 0.2005648 0.2272449 0.2877326 0.3064461 0.2020372 0.2183046 0.2029790 0.1991997 0.2504823 0.2375523 0.3195524 0.1768696 0.0486903 0.0823563 0.0538752 0.0000000 
