21
Friedmanniomyces_simplex          0.0000000 0.1643625 9.0000000 7.0871406 4.6560507 5.7680954 7.9260280 6.3853841 3.8028647 3.7903283 4.5698791 3.4791207 4.2447907 3.8289125 4.3939746 3.9398275 3.9901281 4.4244920 3.9497307 3.7790579 3.7238447 
Salinomyces_thailandicus          0.1643625 0.0000000 9.0000000 7.1166699 4.8615231 5.3858286 8.6313553 6.7609514 3.3888796 3.7268915 4.5571606 3.3990206 4.1070784 3.8552086 4.0673683 3.7345358 3.6665963 4.0800885 3.9443293 3.6976997 3.3461081 
Friedmanniomyces_endolithicus     9.0000000 9.0000000 0.0000000 1.2780145 0.8183706 0.8429412 1.4044968 1.2129572 1.6251290 1.2958220 1.3449229 1.0578800 1.4268390 0.9503560 0.9609425 4.3441161 1.1637587 1.2046731 1.1191210 3.1791807 2.2608177 
Scorias_sp.                       7.0871406 7.1166699 1.2780145 0.0000000 0.8287663 0.7820134 0.8347415 0.7704916 0.1316727 0.9019607 0.3810962 0.2167922 0.5058779 0.2646698 0.2802142 0.1338325 0.4034281 0.3478795 0.4242140 9.0000000 9.0000000 
Aureobasidium_melanogenum         4.6560507 4.8615231 0.8183706 0.8287663 0.0000000 0.4549293 0.8503103 0.6990595 0.0000010 0.6728130 0.2659799 0.2581941 0.4882903 0.2288898 0.2625114 0.3643182 0.2885599 0.2214485 0.1978681 9.0000000 6.0329120 
Aureobasidium_mangrovei           5.7680954 5.3858286 0.8429412 0.7820134 0.4549293 0.0000000 0.5470679 0.5321369 0.0430304 0.5189836 0.1741153 0.1462829 0.2687037 0.1326755 0.2273140 0.1242954 0.1821479 0.1987385 0.1311621 2.4735286 9.0000000 
Polyplosphaeria_fusca             7.9260280 8.6313553 1.4044968 0.8347415 0.8503103 0.5470679 0.0000000 0.8409354 0.0796859 0.7698904 0.4184866 0.1782034 0.3962908 0.2083850 0.2613914 0.1974033 0.3218458 0.4204457 0.4640035 2.4735286 9.0000000 
Zalaria_obscura                   6.3853841 6.7609514 1.2129572 0.7704916 0.6990595 0.5321369 0.8409354 0.0000000 0.1036551 0.8409121 0.4138605 0.3606474 0.5025366 0.3316731 0.4449310 0.1651293 0.4124493 0.3418492 0.4200410 9.0000000 6.0329120 
Leptosphaeria_maculans            3.8028647 3.3888796 1.6251290 0.1316727 0.0000010 0.0430304 0.0796859 0.1036551 0.0000000 0.1897295 0.1795305 0.1598530 0.1517633 0.0698610 0.1679500 0.1458052 0.1694805 0.1412300 0.1676902 0.1556318 0.1489483 
Coniosporium_apollinis            3.7903283 3.7268915 1.2958220 0.9019607 0.6728130 0.5189836 0.7698904 0.8409121 0.1897295 0.0000000 0.2367198 0.0787154 0.2240968 0.1736289 0.1902789 0.1507411 0.2143022 0.2000251 0.2332280 0.1603538 0.1442367 
Baudoinia_panamericana            4.5698791 4.5571606 1.3449229 0.3810962 0.2659799 0.1741153 0.4184866 0.4138605 0.1795305 0.2367198 0.0000000 0.1980338 0.2264891 0.1952976 0.2646313 0.1396031 0.2795843 0.2060829 0.1835722 0.2496053 0.1299702 
Coniosporium_tulheliweneti_JES115 3.4791207 3.3990206 1.0578800 0.2167922 0.2581941 0.1462829 0.1782034 0.3606474 0.1598530 0.0787154 0.1980338 0.0000000 0.1704065 0.1705347 0.2068627 0.1582382 0.1712168 0.1843989 0.1715050 0.1532340 0.1480368 
Aspergillus_fumigatus             4.2447907 4.1070784 1.4268390 0.5058779 0.4882903 0.2687037 0.3962908 0.5025366 0.1517633 0.2240968 0.2264891 0.1704065 0.0000000 0.1669412 0.2237563 0.1849441 0.1949397 0.1993573 0.1901490 0.0209886 0.2042495 
Alternaria_solani                 3.8289125 3.8552086 0.9503560 0.2646698 0.2288898 0.1326755 0.2083850 0.3316731 0.0698610 0.1736289 0.1952976 0.1705347 0.1669412 0.0000000 0.1895511 0.1610507 0.1785264 0.1483490 0.1495727 0.1504199 0.1372206 
Cenococcum_geophilum              4.3939746 4.0673683 0.9609425 0.2802142 0.2625114 0.2273140 0.2613914 0.4449310 0.1679500 0.1902789 0.2646313 0.2068627 0.2237563 0.1895511 0.0000000 0.2321215 0.1933536 0.2271375 0.2243041 0.2052089 0.1985745 
Hortaea_werneckii                 3.9398275 3.7345358 4.3441161 0.1338325 0.3643182 0.1242954 0.1974033 0.1651293 0.1458052 0.1507411 0.1396031 0.1582382 0.1849441 0.1610507 0.2321215 0.0000000 0.1942571 0.1309197 0.1233323 0.1841763 0.0768521 
Venturia_inaequalis               3.9901281 3.6665963 1.1637587 0.4034281 0.2885599 0.1821479 0.3218458 0.4124493 0.1694805 0.2143022 0.2795843 0.1712168 0.1949397 0.1785264 0.1933536 0.1942571 0.0000000 0.2547138 0.3383322 0.1705086 0.1725942 
Zymoseptoria_tritici              4.4244920 4.0800885 1.2046731 0.3478795 0.2214485 0.1987385 0.4204457 0.3418492 0.1412300 0.2000251 0.2060829 0.1843989 0.1993573 0.1483490 0.2271375 0.1309197 0.2547138 0.0000000 0.1979324 0.1978273 0.1196432 
Neohortaea_acidophila             3.9497307 3.9443293 1.1191210 0.4242140 0.1978681 0.1311621 0.4640035 0.4200410 0.1676902 0.2332280 0.1835722 0.1715050 0.1901490 0.1495727 0.2243041 0.1233323 0.3383322 0.1979324 0.0000000 0.1925863 0.1484675 
Taxawa_tesnikishii                3.7790579 3.6976997 3.1791807 9.0000000 9.0000000 2.4735286 2.4735286 9.0000000 0.1556318 0.1603538 0.2496053 0.1532340 0.0209886 0.1504199 0.2052089 0.1841763 0.1705086 0.1978273 0.1925863 0.0000000 0.2033088 
Teratosphaeria_sp.                3.7238447 3.3461081 2.2608177 9.0000000 6.0329120 9.0000000 9.0000000 6.0329120 0.1489483 0.1442367 0.1299702 0.1480368 0.2042495 0.1372206 0.1985745 0.0768521 0.1725942 0.1196432 0.1484675 0.2033088 0.0000000 
