24
Phaeosphaeria_breonadiae          0.0000000 0.3599966 0.4782372 0.3374654 0.9176789 0.7057434 0.9529294 0.8281420 1.1958313 0.9521733 0.9388564 0.8696091 0.8829735 0.8667469 1.0378564 0.7218231 0.9740032 0.9136929 0.8424506 0.7561367 0.8061260 0.6389572 0.7766647 0.7382115 
Polyplosphaeria_fusca             0.3599966 0.0000000 0.5123888 0.3523889 0.6964896 0.5679844 0.7377923 0.7350467 0.9637774 0.7441605 1.0357865 0.7347091 0.9467201 0.7279545 0.8417068 0.6330500 0.7276143 0.7275012 0.6525625 0.6050089 0.5678680 0.5995669 0.6142577 0.6750396 
Alternaria_solani                 0.4782372 0.5123888 0.0000000 0.2765916 1.0871354 0.6914407 0.9614685 0.7234745 1.0972303 0.9012647 1.0730278 0.7558760 1.0731380 0.8887603 1.0903470 0.6763243 1.0139535 0.9150768 0.8630307 0.6446762 0.7965168 0.6049760 0.6973496 0.6945407 
Leptosphaeria_maculans            0.3374654 0.3523889 0.2765916 0.0000000 0.8839471 0.5677526 0.8203134 0.8180085 1.1640586 0.9985766 1.0076808 0.8346130 1.0373361 0.8858714 1.0962585 0.7098924 0.9876143 0.8429750 0.7336782 0.6024203 0.7091511 0.6406222 0.6311867 0.6585689 
Coniosporium_uncinatum            0.9176789 0.6964896 1.0871354 0.8839471 0.0000000 0.6633996 0.8971770 0.9531185 0.8169092 0.7222637 0.8108324 0.8416409 1.0269610 1.1270784 0.8376890 1.0012121 0.7368101 0.4607597 0.5969799 0.8798006 0.7548641 0.8917831 0.8619961 0.9493311 
Cenococcum_geophilum              0.7057434 0.5679844 0.6914407 0.5677526 0.6633996 0.0000000 0.5400660 0.4795260 0.7241084 0.5409474 0.5927106 0.4641669 0.6432095 0.5253772 0.6420080 0.4656607 0.5600717 0.4560729 0.4084852 0.5106474 0.4735832 0.3559532 0.3428245 0.3519762 
Venturia_inaequalis               0.9529294 0.7377923 0.9614685 0.8203134 0.8971770 0.5400660 0.0000000 0.6314274 0.9837023 0.6540971 0.7818712 0.7319645 0.8801700 0.6855235 0.9039272 0.5835882 0.7157431 0.8938791 0.7816838 0.6297647 0.6814543 0.6910909 0.6113811 0.6909627 
Polychaeton_citri                 0.8281420 0.7350467 0.7234745 0.8180085 0.9531185 0.4795260 0.6314274 0.0000000 0.4597000 0.2428281 0.4643647 0.3015394 0.3412276 0.3868832 0.3885898 0.2405069 0.3954108 0.5974693 0.5706064 0.4231211 0.5317236 0.3382251 0.4864357 0.4765479 
Neohortaea_acidophila             1.1958313 0.9637774 1.0972303 1.1640586 0.8169092 0.7241084 0.9837023 0.4597000 0.0000000 0.3689740 0.3576580 0.3250371 0.3727482 0.3843993 0.3398289 0.2701342 0.3419650 0.5126650 0.5358370 0.5498526 0.7403796 0.5662477 0.6875035 0.7032147 
Scorias_spongiosa                 0.9521733 0.7441605 0.9012647 0.9985766 0.7222637 0.5409474 0.6540971 0.2428281 0.3689740 0.0000000 0.3630315 0.2993546 0.3517689 0.3968568 0.3837189 0.2826074 0.3011938 0.4723830 0.5107196 0.6795554 0.5507314 0.4659449 0.5219320 0.4922773 
Hortaea_werneckii                 0.9388564 1.0357865 1.0730278 1.0076808 0.8108324 0.5927106 0.7818712 0.4643647 0.3576580 0.3630315 0.0000000 0.3567238 0.2697916 0.2291282 0.2559343 0.1425953 0.2538303 0.5020261 0.5511718 0.6289616 0.7149358 0.4948085 0.5971917 0.6080911 
Zymoseptoria_tritici              0.8696091 0.7347091 0.7558760 0.8346130 0.8416409 0.4641669 0.7319645 0.3015394 0.3250371 0.2993546 0.3567238 0.0000000 0.2545895 0.2583519 0.2771915 0.2346194 0.2305547 0.4897557 0.4912713 0.4948341 0.5438334 0.4128906 0.4544347 0.4706507 
Baudoinia_panamericana            0.8829735 0.9467201 1.0731380 1.0373361 1.0269610 0.6432095 0.8801700 0.3412276 0.3727482 0.3517689 0.2697916 0.2545895 0.0000000 0.2687360 0.2807557 0.2451534 0.2915900 0.5163848 0.5475911 0.6280989 0.6972646 0.5809965 0.5827664 0.5585103 
Friedmanniomyces_endolithicus     0.8667469 0.7279545 0.8887603 0.8858714 1.1270784 0.5253772 0.6855235 0.3868832 0.3843993 0.3968568 0.2291282 0.2583519 0.2687360 0.0000000 0.0813564 0.1995263 0.2209470 0.4920059 0.4963245 0.5754754 0.6081459 0.4772071 0.5435170 0.5229866 
Friedmanniomyces_simplex          1.0378564 0.8417068 1.0903470 1.0962585 0.8376890 0.6420080 0.9039272 0.3885898 0.3398289 0.3837189 0.2559343 0.2771915 0.2807557 0.0813564 0.0000000 0.2224150 0.2119659 0.5252155 0.6055792 0.6543546 0.7016358 0.6165035 0.6685609 0.6862861 
Salinomyces_thailandicus          0.7218231 0.6330500 0.6763243 0.7098924 1.0012121 0.4656607 0.5835882 0.2405069 0.2701342 0.2826074 0.1425953 0.2346194 0.2451534 0.1995263 0.2224150 0.0000000 0.2025733 0.5154811 0.4856961 0.3883128 0.5787118 0.2913733 0.4985257 0.4811004 
Teratosphaeria_sp.                0.9740032 0.7276143 1.0139535 0.9876143 0.7368101 0.5600717 0.7157431 0.3954108 0.3419650 0.3011938 0.2538303 0.2305547 0.2915900 0.2209470 0.2119659 0.2025733 0.0000000 0.4750475 0.5194262 0.6190010 0.5567541 0.5287343 0.5604380 0.5579437 
Coniosporium_apollinis            0.9136929 0.7275012 0.9150768 0.8429750 0.4607597 0.4560729 0.8938791 0.5974693 0.5126650 0.4723830 0.5020261 0.4897557 0.5163848 0.4920059 0.5252155 0.5154811 0.4750475 0.0000000 0.0797719 0.6033105 0.5935001 0.5218885 0.5184226 0.4549649 
Coniosporium_tulheliweneti_JES115 0.8424506 0.6525625 0.8630307 0.7336782 0.5969799 0.4084852 0.7816838 0.5706064 0.5358370 0.5107196 0.5511718 0.4912713 0.5475911 0.4963245 0.6055792 0.4856961 0.5194262 0.0797719 0.0000000 0.6135915 0.5852962 0.5053675 0.5299436 0.4655658 
Aspergillus_fumigatus             0.7561367 0.6050089 0.6446762 0.6024203 0.8798006 0.5106474 0.6297647 0.4231211 0.5498526 0.6795554 0.6289616 0.4948341 0.6280989 0.5754754 0.6543546 0.3883128 0.6190010 0.6033105 0.6135915 0.0000000 0.5400154 0.4193326 0.4240280 0.4885973 
Taxawa_tesnikishii                0.8061260 0.5678680 0.7965168 0.7091511 0.7548641 0.4735832 0.6814543 0.5317236 0.7403796 0.5507314 0.7149358 0.5438334 0.6972646 0.6081459 0.7016358 0.5787118 0.5567541 0.5935001 0.5852962 0.5400154 0.0000000 0.2530577 0.2412402 0.2338329 
Zalaria_obscura                   0.6389572 0.5995669 0.6049760 0.6406222 0.8917831 0.3559532 0.6910909 0.3382251 0.5662477 0.4659449 0.4948085 0.4128906 0.5809965 0.4772071 0.6165035 0.2913733 0.5287343 0.5218885 0.5053675 0.4193326 0.2530577 0.0000000 0.2288671 0.2156216 
Aureobasidium_mangrovei           0.7766647 0.6142577 0.6973496 0.6311867 0.8619961 0.3428245 0.6113811 0.4864357 0.6875035 0.5219320 0.5971917 0.4544347 0.5827664 0.5435170 0.6685609 0.4985257 0.5604380 0.5184226 0.5299436 0.4240280 0.2412402 0.2288671 0.0000000 0.0575021 
Aureobasidium_melanogenum         0.7382115 0.6750396 0.6945407 0.6585689 0.9493311 0.3519762 0.6909627 0.4765479 0.7032147 0.4922773 0.6080911 0.4706507 0.5585103 0.5229866 0.6862861 0.4811004 0.5579437 0.4549649 0.4655658 0.4885973 0.2338329 0.2156216 0.0575021 0.0000000 
