24
Taxawa_tesnikishii                0.0000000 4.3465549 4.2620995 4.1004797 4.3440525 4.3620610 4.4161680 4.0341060 4.1076820 4.0471280 4.4024107 4.5244188 4.1763374 4.2958866 4.3845776 5.0005235 4.9855402 4.2481722 4.3466895 4.4602587 4.2941306 4.2569792 4.3475383 4.6342873 
Coniosporium_uncinatum            4.3465549 0.0000000 0.1114847 0.1986647 0.1176856 0.1109608 0.2192271 0.0700064 0.0987751 0.0685825 0.1375223 0.2328944 0.1234811 0.1654878 0.1375026 0.2644031 0.2939683 0.1741272 0.1207686 0.1492030 0.1375530 0.1431930 0.1811958 0.1586565 
Teratosphaeria_sp.                4.2620995 0.1114847 0.0000000 0.0934818 0.0554309 0.0502160 0.2275147 0.0868391 0.0916031 0.0902318 0.1726778 0.2804942 0.1144800 0.0670327 0.1739129 0.2114809 0.2625109 0.0766114 0.1692938 0.1703305 0.0557475 0.0215304 0.0337434 0.0660074 
Zymoseptoria_tritici              4.1004797 0.1986647 0.0934818 0.0000000 0.1369361 0.1350758 0.3024598 0.1680295 0.1654241 0.1669689 0.2954332 0.3107985 0.1624638 0.1278162 0.2482741 0.2848755 0.3501563 0.1141315 0.3191579 0.2122096 0.1460021 0.1084361 0.1111182 0.1333359 
Friedmanniomyces_endolithicus     4.3440525 0.1176856 0.0554309 0.1369361 0.0000000 0.0195430 0.2740294 0.1091226 0.1138784 0.1100663 0.1880434 0.3105286 0.1986943 0.1005930 0.1761884 0.2789797 0.3191331 0.1018356 0.1624267 0.2135525 0.0748878 0.0547401 0.0721950 0.0780889 
Friedmanniomyces_simplex          4.3620610 0.1109608 0.0502160 0.1350758 0.0195430 0.0000000 0.2646366 0.1125736 0.1156909 0.1135461 0.1969813 0.3133876 0.1524078 0.0965744 0.1621514 0.2581788 0.3068981 0.0839586 0.1595329 0.2001832 0.0730743 0.0476048 0.0625535 0.0705368 
Alternaria_solani                 4.4161680 0.2192271 0.2275147 0.3024598 0.2740294 0.2646366 0.0000000 0.1337153 0.1615943 0.1378220 0.0326386 0.0496596 0.1233884 0.2091919 0.1710245 0.2839673 0.2930485 0.2117514 0.2457278 0.0934324 0.2653842 0.2164672 0.2273994 0.2485911 
Coniosporium_tulheliweneti_JES115 4.0341060 0.0700064 0.0868391 0.1680295 0.1091226 0.1125736 0.1337153 0.0000000 0.0621821 0.0038256 0.1063135 0.1661004 0.0726385 0.1241584 0.1457605 0.1739684 0.2067438 0.1234267 0.1138029 0.1110088 0.1138609 0.1139540 0.1408998 0.1402759 
Zalaria_obscura                   4.1076820 0.0987751 0.0916031 0.1654241 0.1138784 0.1156909 0.1615943 0.0621821 0.0000000 0.0653038 0.1178470 0.1878944 0.1214908 0.0939222 0.1606989 0.0895570 0.0997687 0.1016044 0.1421142 0.1164081 0.1053728 0.1182467 0.1348825 0.1319701 
Coniosporium_apollinis            4.0471280 0.0685825 0.0902318 0.1669689 0.1100663 0.1135461 0.1378220 0.0038256 0.0653038 0.0000000 0.1110694 0.1709332 0.0683473 0.1292573 0.1484475 0.1743103 0.2071838 0.1292027 0.1142316 0.1104310 0.1163960 0.1158323 0.1410774 0.1435631 
Plenodomus_lingam                 4.4024107 0.1375223 0.1726778 0.2954332 0.1880434 0.1969813 0.0326386 0.1063135 0.1178470 0.1110694 0.0000000 0.0258096 0.1109600 0.1858051 0.1832142 0.2898542 0.3159215 0.2106837 0.1948302 0.0776252 0.1775777 0.2242552 0.2376124 0.2215230 
Phaeosphaeria_breonadiae          4.5244188 0.2328944 0.2804942 0.3107985 0.3105286 0.3133876 0.0496596 0.1661004 0.1878944 0.1709332 0.0258096 0.0000000 0.1238565 0.2476614 0.2048311 0.3351869 0.3316208 0.2383946 0.2960668 0.0998214 0.2958754 0.2690627 0.2673465 0.3073571 
Cenococcum_geophilum              4.1763374 0.1234811 0.1144800 0.1624638 0.1986943 0.1524078 0.1233884 0.0726385 0.1214908 0.0683473 0.1109600 0.1238565 0.0000000 0.1625650 0.1740882 0.1435061 0.1458898 0.1501988 0.1576126 0.1029298 0.1731773 0.1299908 0.1299729 0.1357534 
Polychaeton_citri                 4.2958866 0.1654878 0.0670327 0.1278162 0.1005930 0.0965744 0.2091919 0.1241584 0.0939222 0.1292573 0.1858051 0.2476614 0.1625650 0.0000000 0.1724697 0.1898230 0.2147771 0.0558309 0.1885617 0.1714463 0.0938700 0.0850101 0.0984225 0.1919511 
Venturia_inaequalis               4.3845776 0.1375026 0.1739129 0.2482741 0.1761884 0.1621514 0.1710245 0.1457605 0.1606989 0.1484475 0.1832142 0.2048311 0.1740882 0.1724697 0.0000000 0.2739502 0.2706175 0.1431726 0.1912736 0.1429860 0.2074488 0.1525678 0.1698418 0.1863025 
Aureobasidium_mangrovei           5.0005235 0.2644031 0.2114809 0.2848755 0.2789797 0.2581788 0.2839673 0.1739684 0.0895570 0.1743103 0.2898542 0.3351869 0.1435061 0.1898230 0.2739502 0.0000000 0.0461236 0.1882922 0.2768388 0.1918940 0.3334085 0.2249557 0.2615640 0.2322276 
Aureobasidium_melanogenum         4.9855402 0.2939683 0.2625109 0.3501563 0.3191331 0.3068981 0.2930485 0.2067438 0.0997687 0.2071838 0.3159215 0.3316208 0.1458898 0.2147771 0.2706175 0.0461236 0.0000000 0.2212716 0.2836990 0.2097104 0.3502749 0.2610502 0.2970459 0.2789332 
Scorias_spongiosa                 4.2481722 0.1741272 0.0766114 0.1141315 0.1018356 0.0839586 0.2117514 0.1234267 0.1016044 0.1292027 0.2106837 0.2383946 0.1501988 0.0558309 0.1431726 0.1882922 0.2212716 0.0000000 0.1911183 0.1643058 0.1029700 0.0765866 0.0884511 0.0916666 
Aspergillus_fumigatus             4.3466895 0.1207686 0.1692938 0.3191579 0.1624267 0.1595329 0.2457278 0.1138029 0.1421142 0.1142316 0.1948302 0.2960668 0.1576126 0.1885617 0.1912736 0.2768388 0.2836990 0.1911183 0.0000000 0.1997818 0.1827568 0.2178262 0.2345567 0.2209625 
Polyplosphaeria_fusca             4.4602587 0.1492030 0.1703305 0.2122096 0.2135525 0.2001832 0.0934324 0.1110088 0.1164081 0.1104310 0.0776252 0.0998214 0.1029298 0.1714463 0.1429860 0.1918940 0.2097104 0.1643058 0.1997818 0.0000000 0.2335501 0.1586179 0.1861570 0.2030335 
Baudoinia_panamericana            4.2941306 0.1375530 0.0557475 0.1460021 0.0748878 0.0730743 0.2653842 0.1138609 0.1053728 0.1163960 0.1775777 0.2958754 0.1731773 0.0938700 0.2074488 0.3334085 0.3502749 0.1029700 0.1827568 0.2335501 0.0000000 0.0653603 0.0673246 0.1035308 
Salinomyces_thailandicus          4.2569792 0.1431930 0.0215304 0.1084361 0.0547401 0.0476048 0.2164672 0.1139540 0.1182467 0.1158323 0.2242552 0.2690627 0.1299908 0.0850101 0.1525678 0.2249557 0.2610502 0.0765866 0.2178262 0.1586179 0.0653603 0.0000000 0.0248508 0.0828862 
Hortaea_werneckii                 4.3475383 0.1811958 0.0337434 0.1111182 0.0721950 0.0625535 0.2273994 0.1408998 0.1348825 0.1410774 0.2376124 0.2673465 0.1299729 0.0984225 0.1698418 0.2615640 0.2970459 0.0884511 0.2345567 0.1861570 0.0673246 0.0248508 0.0000000 0.0898300 
Neohortaea_acidophila             4.6342873 0.1586565 0.0660074 0.1333359 0.0780889 0.0705368 0.2485911 0.1402759 0.1319701 0.1435631 0.2215230 0.3073571 0.1357534 0.1919511 0.1863025 0.2322276 0.2789332 0.0916666 0.2209625 0.2030335 0.1035308 0.0828862 0.0898300 0.0000000 
